

















































































































































































































































































































































































































































































































































































































































































































































































0.010214643
0.011166775
0.016343822
0.027201931
0.03539835
0.0491432
0.047491968
0.057872867
0.057727267
0.059540641
0.057266167
0.0706
0.0706
0.0706
0.0706
0.0706
0.0706
0.0706
0.0706
0.0706
0.070256152
0.057959985
0.049983493
0.044106696
0.040421115
0.062219516
0.056663017
0.051393725
0.04640854
0.041198757
0.036802695
0.033125014
0.02966112
0.026408403
0.023733381
0.021919332
0.020185049
0.018529805
0.017574288
0.016343822
0.015453422
0.014875179
0.014030719
0.013755314
0.013213586
0.012683924
0.0124236
0.011911932
0.011660574
0.011166775
0.01092432
0.010684817
0.010214643
0.010214643
0.009983956



























































































































































































































































































































































































































































































































































0.010448261
0.025242529
0.04640854
0.0706
0.0706
0.0706
0.056574133
0.059714309
0.0706
0.0706
0.0706
0.0706
0.063047107
0.050689493
0.043309178
0.037574889
0.032868222
0.030444289
0.028419115
0.025712781
0.023665381
0.022618148
0.021572222
0.020918519
0.019611111
0.018303704
0.016996296
0.015688889
0.015035185
0.01412
0.013989259
0.013963111
0.013478063
0.01296033
0.011911932
0.011412191
0.011166775
0.010684817
0.010448261
0.010214643
0.009983956






























































































0.010448261
0.011911932
0.0124236
0.012683924
0.01430916
0.037755816
0.0706
0.060959763
0.047491968
0.03921093
0.034024292
0.030082503
0.027201931
0.025636952
0.026052707
0.02612723
0.023261393
0.020757707
0.020326263
0.019747081
0.019131293
0.017263007
0.016876015
0.01789187
0.017741519
0.016024893
0.015847085
0.015887615
0.015716344
0.014030719
0.013482939
0.013213586
0.012947251
0.012947251
0.0124236
0.011911932
0.011660574
0.011412191
0.011166775
0.01092432
0.010684817
0.010448261
0.010214643
0.010214643
0.009983956



































































































































































































































































































































































































































0.009983956
0.019513508
0.02966112
0.037277563
0.035863093
0.031801138
0.028416747
0.025627905
0.023733381
0.022275737
0.020869236
0.019847701
0.018854567
0.017889672
0.016952853
0.016043942
0.015162769
0.014590645
0.014030719
0.013755314
0.013213586
0.012683924
0.012166272
0.011911932
0.011660574
0.011166775
0.010684817
0.010448261
0.010214643
0.009756194


































































































































0.008660972
0.015747145
0.023364156
0.027201931
0.025242529
0.022998144
0.021566117
0.020525559
0.019847701
0.019182465
0.018208176
0.017574288
0.016952853
0.016343822
0.016043942
0.015162769
0.014875179
0.014590645
0.014590645
0.014030719
0.013213586
0.012947251
0.012683924
0.012166272
0.012166272
0.011412191
0.011166775
0.01092432
0.010684817
0.010448261
0.009983956




























































0.007248307
0.036802695
0.0706
0.0706
0.0706
0.0706
0.0706
0.0706
0.0706
0.0706
0.0706
0.064066885
0.052527707
0.0450428
0.04154287
0.036153737
0.036153737
0.031747774
0.028229541
0.026180833
0.025409463
0.0242158
0.022576311
0.02093813
0.020657037
0.020264815
0.019872593
0.01948037
0.019297333
0.017313996
0.017323148
0.016925696
0.01694923
0.016687748
0.015159389
0.014015407
0.013755314
0.013482939
0.013213586
0.013213586
0.012947251
0.012683924
0.0124236
0.012166272
0.011660574
0.011660574
0.011660574
0.011660574
0.011660574
0.011660574
0.011412191
0.011412191
0.011166775
0.01092432
0.01092432
0.01092432
0.01092432
0.010684817
0.010684817
0.010448261
0.010448261
0.010214643
0.009983956













































































































































































































































































































































































































































































































0.012166272
0.01430916
0.015453422
0.015453422
0.014590645
0.013482939
0.012947251
0.012166272
0.011911932
0.011412191
0.010684817
0.010214643
0.009756194























































































































































































































































0.008874229
0.035863093
0.060959763
0.067876263
0.064699547
0.056663017
0.048038896
0.038237458
0.02966112
0.024860394
0.022275737
0.019513508
0.017889672
0.016952853
0.016343822
0.016043942
0.015453422
0.014030719
0.012947251
0.012683924
0.0
0.014590645
0.018529805
0.024860394
0.030507192
0.042213186
0.047491968
0.04640854
0.049700585
0.050825843
0.048038896
0.044809396
0.044283263
0.041704258
0.038722495
0.035863093
0.03357298
0.03093519
0.028416747
0.026408403
0.024481495
0.02263534
0.021216087
0.019513508
0.018529805
0.017574288
0.016952853
0.016043942
0.015453422
0.015162769
0.014875179
0.014590645
0.014030719
0.013755314
0.013755314
0.013213586
0.012683924
0.012166272
0.011911932
0.011412191
0.0
0.01092432
0.03921093
0.044451852
0.048374074
0.052296296
0.054257407
0.056663017
0.058483121
0.0












0.0
0.030072143
0.0281959
0.026741505
0.028828247
0.027201931
0.025627905
0.024105826
0.02263534
0.021919332
0.021216087
0.020869236
0.020185049
0.019847701
0.021216087
0.02263534
0.024105826
0.026016528
0.027201931
0.028416747
0.03093519
0.034936972
0.03539835
0.032239098
0.028828247
0.025242529
0.021919332
0.018854567
0.01664679
0.015162769
0.013755314
0.012683924
0.011660574
0.01092432
0.010448261
0.010214643
0.009756194

















































































































































0.005306588
0.018529805
0.03357298
0.037755816
0.035863093
0.032680388
0.027603594
0.022275737
0.020185049
0.018854567
0.018529805
0.019513508
0.020525559
0.021216087
0.02263534
0.022275737
0.020869236
0.018208176
0.015162769
0.012683924
0.011166775
0.009756194

















































































































































































































0.012166272
0.024105826
0.042213186
0.051393725
0.056063413
0.058483121
0.056663017
0.0491432
0.043241343
0.037755816
0.03357298
0.029243036
0.024860394
0.020185049
0.016952853
0.014590645
0.012683924
0.011166775
0.009756194









































